0
32
1 1
0 0
0 0
192 0

33
12 1
1 7
1 7
192 0

34
23 1
3 3
0 7
256 0

35
34 1
5 7
0 7
384 0

36
45 1
5 8
0 7
384 0

37
56 1
7 7
1 7
576 0

38
67 1
7 7
0 7
448 0

39
78 1
1 3
0 7
128 0

40
89 1
3 9
0 7
192 0

41
1 12
3 9
0 7
192 0

42
12 12
3 3
0 7
256 0

43
23 12
5 5
0 6
384 0

44
34 12
1 2
1 1
192 0

45
45 12
2 1
0 3
192 0

46
56 12
1 1
1 1
192 0

47
67 12
3 7
0 7
192 0

48
78 12
5 7
0 7
384 0

49
89 12
3 7
1 7
384 0

50
1 23
5 7
0 7
384 0

51
12 23
5 7
0 7
384 0

52
23 23
6 7
0 7
384 0

53
34 23
5 7
0 7
384 0

54
45 23
5 7
0 7
384 0

55
56 23
5 7
0 7
384 0

56
67 23
5 7
0 7
384 0

57
78 23
5 7
0 7
384 0

58
89 23
1 5
1 5
192 0

59
1 34
1 6
1 5
192 0

60
12 34
4 5
1 6
384 0

61
23 34
5 3
0 5
384 0

62
34 34
4 5
1 6
384 0

63
45 34
6 7
0 7
384 0

64
56 34
9 9
1 7
640 0

65
67 34
7 7
0 7
448 0

66
78 34
5 7
1 7
448 0

67
89 34
5 7
1 7
448 0

68
1 45
5 7
1 7
448 0

69
12 45
5 7
1 7
448 0

70
23 45
4 7
1 7
384 0

71
34 45
6 7
1 7
512 0

72
45 45
5 7
1 7
448 0

73
56 45
1 7
1 7
192 0

74
67 45
5 7
-1 7
320 0

75
78 45
6 7
1 7
448 0

76
89 45
5 7
1 7
384 0

77
1 56
7 7
1 7
576 0

78
12 56
5 7
1 7
448 0

79
23 56
6 7
1 7
512 0

80
34 56
5 7
1 7
448 0

81
45 56
6 8
1 7
512 0

82
56 56
6 7
1 7
448 0

83
67 56
5 7
1 7
448 0

84
78 56
5 7
1 7
448 0

85
89 56
5 7
1 7
448 0

86
1 67
7 7
0 7
448 0

87
12 67
9 7
0 7
576 0

88
23 67
7 7
0 7
448 0

89
34 67
7 7
0 7
448 0

90
45 67
6 7
0 7
384 0

91
56 67
2 9
1 7
192 0

92
67 67
3 7
0 7
192 0

93
78 67
2 9
0 7
192 0

94
89 67
5 4
0 7
320 0

95
1 78
6 1
0 -1
384 0

96
12 78
2 2
0 7
192 0

97
23 78
4 5
1 5
384 0

98
34 78
4 7
1 7
384 0

99
45 78
4 5
1 5
384 0

100
56 78
4 7
1 7
384 0

101
67 78
4 5
1 5
384 0

102
78 78
4 7
0 7
192 0

103
89 78
5 7
0 5
384 0

104
1 89
4 7
1 7
384 0

105
12 89
1 7
1 7
192 0

106
23 89
3 9
-1 7
192 0

107
34 89
4 7
0 7
256 0

108
45 89
1 7
1 7
192 0

109
56 89
7 5
1 5
576 0

110
67 89
4 5
1 5
384 0

111
78 89
4 5
1 5
384 0

112
89 89
4 7
1 5
384 0

113
1 100
4 7
1 5
384 0

114
12 100
2 5
1 5
192 0

115
23 100
4 5
0 5
256 0

116
34 100
3 7
0 7
192 0

117
45 100
4 5
1 5
384 0

118
56 100
5 5
0 5
320 0

119
67 100
7 5
0 5
448 0

120
78 100
5 5
0 5
320 0

121
89 100
5 7
0 5
320 0

122
1 111
5 5
0 5
320 0

123
12 111
3 9
0 7
192 0

124
23 111
1 9
1 7
192 0

125
34 111
3 9
0 7
192 0

126
45 111
5 3
0 5
384 0

