0
32
1 1
0 0
0 0
512 0

33
12 1
3 10
3 10
512 0

34
23 1
7 3
0 10
512 0

35
34 1
7 9
0 9
512 0

36
45 1
7 12
1 10
512 0

37
56 1
9 10
0 10
512 0

38
67 1
8 10
0 10
512 0

39
78 1
3 3
3 10
512 0

40
89 1
5 13
1 10
512 0

41
1 17
5 13
1 10
512 0

42
12 17
6 6
2 10
512 0

43
23 17
8 7
0 7
512 0

44
34 17
4 4
2 2
512 0

45
45 17
4 1
2 4
512 0

46
56 17
3 2
3 2
512 0

47
67 17
7 11
1 10
512 0

48
78 17
7 9
1 9
512 0

49
89 17
5 9
2 9
512 0

50
1 33
6 9
1 9
512 0

51
12 33
6 9
1 9
512 0

52
23 33
7 9
0 9
512 0

53
34 33
6 9
1 9
512 0

54
45 33
7 9
1 9
512 0

55
56 33
6 9
1 9
512 0

56
67 33
7 9
1 9
512 0

57
78 33
7 9
1 9
512 0

58
89 33
3 7
3 7
512 0

59
1 49
4 9
2 7
512 0

60
12 49
5 8
1 8
512 0

61
23 49
6 3
1 5
512 0

62
34 49
5 8
1 8
512 0

63
45 49
5 10
2 10
512 0

64
56 49
9 13
0 10
512 0

65
67 49
9 9
-1 9
512 0

66
78 49
7 9
1 9
512 0

67
89 49
6 9
1 9
512 0

68
1 65
7 9
1 9
512 0

69
12 65
5 9
1 9
512 0

70
23 65
5 9
1 9
512 0

71
34 65
7 9
0 9
512 0

72
45 65
6 9
1 9
512 0

73
56 65
6 9
1 9
512 0

74
67 65
6 9
1 9
512 0

75
78 65
7 9
1 9
512 0

76
89 65
5 9
2 9
512 0

77
1 81
8 9
0 9
512 0

78
12 81
6 9
1 9
512 0

79
23 81
7 9
0 9
512 0

80
34 81
7 9
1 9
512 0

81
45 81
8 11
0 9
512 0

82
56 81
7 9
1 9
512 0

83
67 81
7 9
1 9
512 0

84
78 81
8 9
0 9
512 0

85
89 81
7 9
1 9
512 0

86
1 97
9 9
0 9
512 0

87
12 97
7 9
1 9
512 0

88
23 97
8 9
0 9
512 0

89
34 97
8 9
0 9
512 0

90
45 97
6 9
1 9
512 0

91
56 97
4 13
2 10
512 0

92
67 97
7 11
1 10
512 0

93
78 97
4 13
2 10
512 0

94
89 97
7 4
0 9
512 0

95
1 113
8 1
0 -2
512 0

96
12 113
5 3
0 10
512 0

97
23 113
6 7
1 7
512 0

98
34 113
7 10
1 10
512 0

99
45 113
5 7
1 7
512 0

100
56 113
7 10
1 10
512 0

101
67 113
7 7
1 7
512 0

102
78 113
7 10
0 10
512 0

103
89 113
7 10
1 7
512 0

104
1 129
6 10
1 10
512 0

105
12 129
6 10
1 10
512 0

106
23 129
5 13
1 10
512 0

107
34 129
7 10
1 10
512 0

108
45 129
6 10
1 10
512 0

109
56 129
8 7
0 7
512 0

110
67 129
6 7
1 7
512 0

111
78 129
7 7
1 7
512 0

112
89 129
7 10
1 7
512 0

113
1 145
7 10
1 7
512 0

114
12 145
6 7
1 7
512 0

115
23 145
6 7
1 7
512 0

116
34 145
6 9
0 9
512 0

117
45 145
6 7
1 7
512 0

118
56 145
7 7
1 7
512 0

119
67 145
9 7
-1 7
512 0

120
78 145
8 7
0 7
512 0

121
89 145
7 10
1 7
512 0

122
1 161
5 7
1 7
512 0

123
12 161
5 13
1 10
512 0

124
23 161
2 14
3 11
512 0

125
34 161
5 13
2 10
512 0

126
45 161
9 3
-1 5
512 0

